CRF FILE
sentence training length: 6573
sentence testing length: 731
              precision    recall  f1-score   support

       B-ACF       0.80      0.62      0.70       474
   B-ACF-AOC       0.00      0.00      0.00         2
       B-AOC       0.64      0.48      0.55       882
    B-AOC-DT       0.00      0.00      0.00         1
        B-DT       0.57      0.29      0.39       156
        B-EQ       0.68      0.35      0.46        81
        B-FP       0.44      0.56      0.49       158
    B-FP-AOC       0.00      0.00      0.00         1
        B-FU       0.74      0.30      0.43       182
     B-FU-IE       0.00      0.00      0.00         1
        B-FW       0.76      0.61      0.68       501
        B-IC       0.68      0.44      0.53       667
        B-IE       0.75      0.62      0.68      3467
        B-PC       0.45      0.29      0.35       340
        B-PU       0.68      0.45      0.54       703
     B-PU-PC       0.00      0.00      0.00         1
     B-QABTW       0.60      0.36      0.45       291
        B-SR       0.81      0.78      0.79      1839
       I-ACF       0.55      0.48      0.51       110
   I-ACF-AOC       0.00      0.00      0.00         3
       I-AOC       0.44      0.23      0.30       180
        I-DT       0.32      0.15      0.20        60
        I-FP       0.86      0.76      0.81        25
        I-FU       0.63      0.23      0.34       156
        I-FW       0.67      0.52      0.59       300
     I-FW-IC       0.00      0.00      0.00         1
        I-IC       0.68      0.38      0.48       146
        I-IE       0.67      0.57      0.61      1225
  I-IE-QABTW       0.00      0.00      0.00         2
        I-PC       0.41      0.20      0.27        99
        I-PU       0.53      0.30      0.38       104
     I-QABTW       0.57      0.36      0.44       204
        I-SR       0.44      0.06      0.10        68
     I-SR-PC       0.00      0.00      0.00         1
           O       0.97      0.99      0.98    211239
       O-ACF       0.18      0.05      0.07        66
       O-AOC       0.02      0.01      0.01       173
        O-DT       0.00      0.00      0.00         8
        O-FU       0.40      0.04      0.08        46
        O-FW       0.17      0.02      0.03        53
        O-IE       0.56      0.40      0.47       107
        O-PC       0.00      0.00      0.00         2
        O-PU       0.00      0.00      0.00         1
     O-QABTW       0.00      0.00      0.00        25
        O-SR       0.00      0.00      0.00        76

    accuracy                           0.96    224227
   macro avg       0.39      0.26      0.31    224227
weighted avg       0.96      0.96      0.96    224227


TRAINING REPORT FOR CLASSIFICATION (TRAINING DATA ONLY)
              precision    recall  f1-score   support

         ACF       0.93      0.83      0.88       483
     ACF-AOC       1.00      0.50      0.67         2
         AOC       0.84      0.78      0.81       909
      AOC-DT       0.00      0.00      0.00         1
          DT       0.90      0.80      0.85       164
          EQ       0.93      0.86      0.90        81
          FP       0.94      0.89      0.92       158
      FP-AOC       0.00      0.00      0.00         1
          FU       0.96      0.86      0.91       206
       FU-IE       1.00      1.00      1.00         1
          FW       0.90      0.84      0.86       523
       FW-IC       0.00      0.00      0.00         1
          IC       0.91      0.81      0.86       669
          IE       0.87      0.81      0.84      3543
    IE-QABTW       0.00      0.00      0.00         2
          PC       0.87      0.77      0.82       343
          PU       0.87      0.76      0.81       705
       PU-PC       1.00      1.00      1.00         1
       QABTW       0.89      0.70      0.78       301
          SR       0.89      0.89      0.89      1845
       SR-PC       0.00      0.00      0.00         1

   micro avg       0.88      0.82      0.85      9940
   macro avg       0.70      0.62      0.66      9940
weighted avg       0.88      0.82      0.85      9940


FULL REPORT FOR CLASSIFICATION (ALL DATA)
              precision    recall  f1-score   support

         ACF       0.92      0.81      0.86       508
     ACF-AOC       1.00      0.50      0.67         2
         AOC       0.81      0.77      0.79       943
      AOC-DT       0.00      0.00      0.00         1
          DT       0.89      0.77      0.83       171
          EQ       0.90      0.87      0.88        83
          FP       0.89      0.83      0.86       172
      FP-AOC       0.00      0.00      0.00         1
          FU       0.94      0.85      0.89       213
       FU-IE       1.00      1.00      1.00         1
          FW       0.88      0.82      0.85       557
       FW-IC       0.00      0.00      0.00         1
          IC       0.88      0.81      0.84       701
          IE       0.86      0.81      0.83      3754
    IE-QABTW       0.00      0.00      0.00         2
          PC       0.85      0.75      0.80       355
          PU       0.86      0.76      0.81       750
       PU-PC       1.00      1.00      1.00         1
       QABTW       0.87      0.67      0.75       320
          SR       0.88      0.89      0.88      1956
       SR-PC       0.00      0.00      0.00         1

   micro avg       0.87      0.81      0.84     10493
   macro avg       0.69      0.61      0.64     10493
weighted avg       0.87      0.81      0.84     10493


TEST REPORT FOR CLASSIFICATION
              precision    recall  f1-score   support

         ACF       0.63      0.48      0.55        25
         AOC       0.38      0.59      0.47        34
          DT       0.25      0.14      0.18         7
          EQ       0.40      1.00      0.57         2
          FP       0.10      0.07      0.08        14
          FU       0.38      0.43      0.40         7
          FW       0.61      0.50      0.55        34
          IC       0.49      0.72      0.58        32
          IE       0.64      0.75      0.69       211
          PC       0.20      0.17      0.18        12
          PU       0.71      0.67      0.69        45
       QABTW       0.40      0.21      0.28        19
          SR       0.79      0.86      0.83       111

   micro avg       0.61      0.67      0.64       553
   macro avg       0.46      0.51      0.46       553
weighted avg       0.61      0.67      0.63       553


TESTING INFORMATION
              precision    recall  f1-score   support

           O      0.991     0.989     0.990     24185
       B-ACF      0.684     0.520     0.591        25
       I-ACF      0.000     0.000     0.000         1
       O-ACF      0.000     0.000     0.000         0
   B-ACF-AOC      0.000     0.000     0.000         0
   I-ACF-AOC      0.000     0.000     0.000         0
       B-AOC      0.385     0.588     0.465        34
       I-AOC      0.667     0.400     0.500         5
       O-AOC      0.000     0.000     0.000         0
    B-AOC-DT      0.000     0.000     0.000         0
        B-DT      0.500     0.286     0.364         7
        I-DT      0.250     1.000     0.400         1
        O-DT      0.000     0.000     0.000         0
        B-EQ      0.400     1.000     0.571         2
        B-FP      0.200     0.143     0.167        14
        I-FP      0.000     0.000     0.000         3
    B-FP-AOC      0.000     0.000     0.000         0
        B-FU      0.375     0.429     0.400         7
        I-FU      0.857     0.600     0.706        10
        O-FU      0.000     0.000     0.000         0
     B-FU-IE      0.000     0.000     0.000         0
        B-FW      0.714     0.588     0.645        34
        I-FW      0.625     0.682     0.652        22
        O-FW      0.000     0.000     0.000         0
     I-FW-IC      0.000     0.000     0.000         0
        B-IC      0.511     0.750     0.608        32
        I-IC      0.333     0.250     0.286         8
        B-IE      0.660     0.787     0.718       207
        I-IE      0.615     0.676     0.644        71
        O-IE      0.500     0.038     0.071        26
  I-IE-QABTW      0.000     0.000     0.000         0
        B-PC      0.200     0.182     0.190        11
        I-PC      0.000     0.000     0.000         4
        O-PC      0.000     0.000     0.000         2
        B-PU      0.714     0.667     0.690        45
        I-PU      0.364     0.800     0.500         5
        O-PU      0.000     0.000     0.000         0
     B-PU-PC      0.000     0.000     0.000         0
     B-QABTW      0.400     0.211     0.276        19
     I-QABTW      0.400     0.133     0.200        15
     O-QABTW      0.000     0.000     0.000         0
        B-SR      0.793     0.865     0.828       111
        I-SR      0.000     0.000     0.000         0
        O-SR      0.000     0.000     0.000         0
     I-SR-PC      0.000     0.000     0.000         0

   micro avg      0.979     0.979     0.979     24906
   macro avg      0.270     0.280     0.255     24906
weighted avg      0.980     0.979     0.979     24906


FULL BINARY PREDICTIONS WITH B,I,O-
               precision    recall  f1-score   support

not_ignorance      0.922     0.783     0.847       456
    ignorance      0.712     0.891     0.792       275

     accuracy                          0.824       731
    macro avg      0.817     0.837     0.819       731
 weighted avg      0.843     0.824     0.826       731
